40 20 0 c 3 4 4 18 2 200000 80000 0 0 0 0 0 0 0 0 0 0 0 0 0 0 0 0 0 0 0 0 0 0 0 0 0 0 0 0 0 0 0 0 0 0 0 0 0 0 0 0 0 0 0 0 0 0 0 0 0 0 0 0 0 0 0 0 0 0 0 0 0 0 0 0 1000000 0 0 0 800 0 0 2000 0 0 0 0 0 40000 0 0 0 0 0 0 0 8 0 0 0 1000 0 0 20 0 0 0 0 0 0 0 0 0 0 0 0 4 0 0 0 0 0 0 0 0 0 0 0 0 0 200000 80000 0 0 200 100000 0 0 
40 27 0 c 3 c c f 2 2008 0 0 0 0 0 210 100020 0 0 0 0 0 0 0 0 0 0 0 0 0 0 0 0 0 0 0 0 0 0 0 0 0 0 0 0 0 0 0 0 0 0 0 0 0 0 0 0 0 0 0 0 0 0 0 0 0 0 0 0 0 0 0 0 0 0 0 0 0 0 0 0 0 0 0 0 0 0 0 0 0 0 0 0 0 0 0 0 0 5000 40 0 20 0 0 0 0 8000 0 0 0 0 0 0 0 0 0 10000 0 0 0 0 0 0 0 0 0 0 0 0 0 0 0 0 0 0 200000 80000 0 
40 27 0 c 3 c c f 2 2008 0 0 0 0 0 210 100020 0 0 0 0 0 0 0 0 0 0 0 0 0 0 0 0 0 0 0 0 0 0 0 0 0 0 0 0 0 0 0 0 0 0 0 0 0 0 0 0 0 0 0 0 0 0 0 0 0 0 0 0 0 0 0 0 0 0 0 0 0 0 0 0 0 0 0 0 0 0 0 0 0 0 0 0 0 10 0 0 0 5000 40 40 20 0 0 0 0 8000 0 0 0 0 0 0 0 0 0 10000 0 0 0 0 0 0 0 0 0 0 0 0 0 0 0 0 0 0 0 0 0 
40 27 0 c 3 c c f 2 2008 0 0 0 0 0 210 100020 0 0 0 0 0 0 0 0 0 0 0 0 0 0 0 0 0 0 0 0 0 0 0 0 0 0 0 0 0 0 0 0 0 0 0 0 0 0 0 0 0 0 0 0 0 0 0 0 0 0 0 0 0 0 0 0 0 400 0 0 0 0 0 0 0 0 20000 0 0 0 0 0 0 0 0 0 0 0 0 0 0 5000 40 0 20 0 0 0 0 8000 0 0 0 0 0 0 0 0 0 10000 0 0 0 0 0 0 0 0 0 0 0 0 0 0 0 0 0 0 0 0 0 
40 27 0 c 3 c c f 2 2008 0 0 0 0 0 210 100020 0 0 0 0 0 0 0 0 0 0 0 0 0 0 0 0 0 0 0 0 0 0 0 0 0 0 0 0 0 0 0 0 0 0 0 0 0 0 0 0 0 0 0 0 0 0 0 0 0 0 0 0 0 0 0 0 0 0 0 0 0 0 0 0 0 0 0 0 0 0 0 0 0 0 0 0 0 0 0 0 0 5000 40 0 20 0 0 0 0 8000 0 0 0 0 0 0 0 0 0 10004 0 0 0 0 0 0 0 0 0 0 0 0 0 0 0 0 0 0 100000 0 0 
40 23 0 c 3 c c b 2 2008 0 0 0 0 0 210 100020 0 0 0 0 0 0 0 0 0 0 0 0 0 0 0 0 0 0 0 0 0 0 0 0 0 0 0 0 0 0 0 0 0 0 0 0 0 0 0 0 0 0 0 0 0 0 0 0 0 0 0 0 0 0 0 0 0 0 0 0 0 0 0 0 0 0 0 0 0 0 0 0 0 0 0 0 0 0 0 0 0 5000 40 0 20 0 0 0 0 8000 0 0 0 0 0 0 0 0 0 10000 0 0 0 0 0 0 0 0 0 0 0 0 0 0 0 0 0 0 0 0 0 
40 27 0 c 3 c c f 2 2008 0 0 0 0 0 210 100020 0 0 0 0 0 0 0 0 0 0 0 0 0 0 0 0 0 0 0 0 0 0 0 0 0 0 0 0 0 0 0 0 0 0 0 0 0 0 0 0 0 0 0 0 0 0 0 0 0 0 0 0 0 0 0 0 0 0 0 0 0 0 0 0 0 0 0 0 0 0 0 0 0 0 0 0 0 0 0 0 0 5000 40 0 20 0 0 0 0 8000 20 0 0 0 0 0 0 0 0 10000 0 0 0 0 0 0 0 0 0 0 0 0 0 0 0 0 0 200000 0 0 0 
40 27 0 c 3 c c f 2 2008 0 0 0 0 0 210 100020 0 0 0 0 0 0 0 0 0 0 0 0 0 0 0 0 0 0 0 0 0 0 0 0 0 0 0 0 0 0 0 0 0 0 0 0 0 0 0 0 0 0 0 0 0 0 0 0 0 0 0 0 0 0 0 0 0 0 0 0 100000 0 0 0 0 0 0 0 800 0 0 0 0 0 0 0 0 0 0 0 0 5000 40 0 20 0 0 0 0 8000 0 0 0 0 0 0 0 0 0 10000 0 0 0 0 0 0 0 0 0 0 0 0 0 0 0 0 0 0 0 0 0 
40 28 0 c 3 c c 10 2 401 0 0 0 0 0 0 0 0 20004 0 0 0 0 0 0 0 0 0 0 0 0 0 0 0 0 0 0 0 0 0 0 0 0 0 0 10800 0 0 0 0 0 0 0 0 0 0 0 0 0 0 0 0 0 0 0 0 0 0 0 0 0 0 0 1 0 0 80 0 0 0 100000 0 0 0 400000 0 0 0 0 0 100 0 0 0 0 0 0 40000 0 0 0 0 0 0 0 0 0 0 0 0 0 0 0 0 0 0 0 2000 0 20000 0 0 0 0 0 0 0 0 0 0 0 0 0 0 0 0 0 0 
40 28 0 c 3 c c 10 2 401 0 0 0 0 0 0 0 0 20004 0 0 0 0 0 0 0 0 0 0 0 0 0 0 0 0 0 0 0 0 0 0 0 0 0 0 10800 0 0 0 0 0 0 0 0 0 0 0 0 0 0 0 0 0 0 0 0 0 0 0 0 0 0 0 1 0 0 80 0 0 0 100000 0 0 0 0 0 800000 0 0 0 100 0 0 0 0 0 0 40000 0 0 0 0 0 0 0 0 0 0 0 0 0 0 80 0 0 0 0 0 0 20000 0 0 0 0 0 0 0 0 0 0 0 0 0 0 0 0 0 0 
40 28 0 c 3 c c 10 2 401 0 0 0 0 0 0 0 0 20004 0 0 0 0 0 0 0 0 0 0 0 0 0 0 0 0 0 0 0 0 0 0 0 0 0 0 10800 0 0 0 0 0 0 0 0 0 0 0 0 0 0 0 0 0 0 0 0 0 0 0 0 0 0 0 1 0 0 80 0 0 0 100000 0 0 400 0 0 0 0 0 0 100 0 0 0 0 0 0 40000 0 0 0 0 0 0 0 0 0 0 0 0 0 0 0 0 0 0 0 0 0 20000 0 0 0 0 0 0 0 100 0 0 0 0 0 0 0 0 0 0 
40 28 0 c 3 c c 10 2 401 0 0 0 0 0 0 0 0 20004 0 0 0 0 0 0 0 0 0 0 0 0 0 0 0 0 0 0 0 0 0 0 0 0 0 0 10800 0 0 0 0 0 0 0 0 0 0 0 0 0 0 0 0 0 0 0 0 0 0 0 0 0 0 0 1 0 0 80 0 0 0 100000 0 0 0 0 0 0 0 0 0 100 0 0 0 0 0 0 40000 1000 0 0 20 0 0 0 0 0 0 0 0 0 0 0 0 0 0 0 0 0 20000 0 0 0 0 0 0 0 0 0 0 0 0 0 0 0 0 0 0 
40 28 0 c 3 c c 10 2 401 0 0 0 0 0 0 0 0 20004 0 0 0 0 0 0 0 0 0 0 0 0 0 0 0 0 0 0 0 0 0 0 0 0 0 0 10800 0 0 0 0 0 0 0 0 0 0 0 0 0 0 0 0 0 0 0 0 0 0 0 0 0 0 0 1 0 0 80 0 0 0 100000 0 0 0 0 0 0 0 0 0 100 0 0 0 0 0 0 40000 0 0 8000 0 0 0 0 0 0 0 0 0 0 0 400000 0 0 0 0 0 0 20000 0 0 0 0 0 0 0 0 0 0 0 0 0 0 0 0 0 0 
40 24 0 c 3 c c c 2 401 0 0 0 0 0 0 0 0 20004 0 0 0 0 0 0 0 0 0 0 0 0 0 0 0 0 0 0 0 0 0 0 0 0 0 0 10800 0 0 0 0 0 0 0 0 0 0 0 0 0 0 0 0 0 0 0 0 0 0 0 0 0 0 0 1 0 0 80 0 0 0 100000 0 0 0 0 0 0 0 0 0 100 0 0 0 0 0 0 40000 0 0 0 0 0 0 0 0 0 0 0 0 0 0 0 0 0 0 0 0 0 20000 0 0 0 0 0 0 0 0 0 0 0 0 0 0 0 0 0 0 
40 28 0 c 3 c c 10 2 401 0 0 0 0 0 0 0 0 20004 0 0 0 0 0 0 0 0 0 0 0 0 0 0 0 0 0 0 0 0 0 0 0 0 0 0 10800 0 0 0 0 0 0 0 0 0 0 0 0 0 0 0 0 0 0 0 0 0 0 0 0 0 0 0 1 0 0 80 0 0 0 100000 0 1 0 0 0 0 0 0 0 100 0 0 0 0 0 0 40000 0 0 0 0 0 0 0 0 0 0 0 0 0 0 0 0 0 0 0 0 0 20000 0 0 0 800000 0 0 0 0 0 0 0 0 0 0 0 0 0 0 
40 28 0 c 3 c c 10 2 800008 0 0 0 1004 0 0 0 0 0 0 0 0 0 0 0 0 0 0 0 0 0 0 100001 0 0 0 0 0 0 0 0 0 0 0 0 0 0 0 0 0 0 0 0 0 0 0 0 0 0 0 0 0 0 0 0 0 0 0 0 0 0 0 0 0 0 100000 0 0 0 0 0 0 0 0 0 0 0 0 80000 0 0 0 0 0 0 0 1 0 0 0 0 20 0 0 0 0 0 0 0 0 0 0 0 0 4000 0 0 0 0 0 4 0 0 0 20 0 0 0 0 80000 0 0 0 0 0 0 0 0 
40 28 0 c 3 c c 10 2 800008 0 0 0 1004 0 0 0 0 0 0 0 0 0 0 0 0 0 0 0 0 0 0 100001 0 0 0 0 0 0 0 0 0 0 0 0 0 0 0 0 0 0 0 0 0 0 0 0 0 0 0 0 0 0 0 0 0 0 0 0 0 0 0 0 0 0 100000 0 0 0 0 0 0 0 0 0 0 0 0 0 0 0 0 0 0 0 0 1 0 0 0 0 20 0 0 0 0 0 0 0 0 10 0 0 0 4000 0 0 0 0 0 4 0 0 8000 0 0 0 0 0 80000 0 0 0 0 0 0 0 0 
40 28 0 c 3 c c 10 2 800008 0 0 0 1004 0 0 0 0 0 0 0 0 0 0 0 0 0 0 0 0 0 0 100001 0 0 0 0 0 0 0 0 0 0 0 0 0 0 0 0 0 0 0 0 0 0 0 0 0 0 0 0 0 0 0 0 0 0 0 0 0 0 0 0 0 0 100000 0 0 400 0 0 0 0 0 0 0 0 20000 0 0 0 0 0 0 0 0 1 0 0 0 0 20 0 0 0 0 0 0 0 0 0 0 0 0 4000 0 0 0 0 0 4 0 0 0 0 0 0 0 0 80000 0 0 0 0 0 0 0 0 
40 27 0 c 3 c c f 2 800008 0 0 0 1004 0 0 0 0 0 0 0 0 0 0 0 0 0 0 0 0 0 0 100001 0 0 0 0 0 0 0 0 0 0 0 0 0 0 0 0 0 0 0 0 0 0 0 0 0 0 0 0 0 0 0 0 0 0 0 0 0 0 0 0 0 400 1100000 0 0 0 0 0 0 0 0 0 0 0 0 0 0 0 0 0 0 0 0 1 0 0 0 0 20 0 0 0 0 0 0 0 0 0 0 0 0 4000 0 0 0 0 0 4 0 0 0 0 0 0 0 0 80000 0 0 0 0 0 0 0 0 
40 28 0 c 3 c c 10 2 800008 0 0 0 1004 0 0 0 0 0 0 0 0 0 0 0 0 0 0 0 0 0 0 100001 0 0 0 0 0 0 0 0 0 0 0 0 0 0 0 0 0 0 0 0 0 0 0 0 0 0 0 0 0 0 0 0 0 0 0 0 0 0 0 0 0 0 100000 0 0 0 0 0 0 0 0 0 0 0 0 0 0 0 0 0 0 0 0 1 0 0 0 0 20 0 0 0 0 0 0 0 0 0 0 0 0 4000 0 0 0 0 0 4 0 0 0 0 0 0 0 0 80000 0 0 0 0 200 100000 0 0 
40 24 0 c 3 c c c 2 800008 0 0 0 1004 0 0 0 0 0 0 0 0 0 0 0 0 0 0 0 0 0 0 100001 0 0 0 0 0 0 0 0 0 0 0 0 0 0 0 0 0 0 0 0 0 0 0 0 0 0 0 0 0 0 0 0 0 0 0 0 0 0 0 0 0 0 100000 0 0 0 0 0 0 0 0 0 0 0 0 0 0 0 0 0 0 0 0 1 0 0 0 0 20 0 0 0 0 0 0 0 0 0 0 0 0 4000 0 0 0 0 0 4 0 0 0 0 0 0 0 0 80000 0 0 0 0 0 0 0 0 
40 28 0 c 3 c c 10 2 800008 0 0 0 1004 0 0 0 0 0 0 0 0 0 0 0 0 0 0 0 0 0 0 100001 0 0 0 0 0 0 0 0 0 0 0 0 0 0 0 0 0 0 0 0 0 0 0 0 0 0 0 0 0 0 0 0 0 0 0 0 0 0 0 0 0 0 100000 0 1 0 0 80 0 0 0 0 0 0 0 0 0 0 0 0 0 0 0 1 0 0 0 0 20 0 0 0 0 0 0 0 0 0 0 0 0 4000 0 0 0 0 0 4 0 0 0 0 0 0 0 0 80000 0 0 0 0 0 0 0 0 
40 28 0 c 3 c c 10 2 21 0 0 0 0 0 0 0 0 0 0 0 0 0 0 0 0 0 4200 0 0 0 0 0 0 0 0 200800 0 0 0 0 0 0 0 0 0 0 0 0 0 0 0 0 0 0 0 0 0 0 0 0 0 0 0 0 0 0 0 0 0 0 0 0 1 0 400000 0 0 0 0 0 0 0 0 0 0 0 0 0 0 0 0 0 0 0 0 0 0 0 0 0 0 1000000 0 0 0 0 0 0 10000 20000 40 0 0 10 0 0 0 0 0 0 0 0 0 0 0 0 0 0 0 400000 0 0 0 0 0 0 0 
40 28 0 c 3 c c 10 2 21 0 0 0 0 0 0 0 0 0 0 0 0 0 0 0 0 0 4200 0 0 0 0 0 0 0 0 200800 0 0 0 0 0 0 0 0 0 0 0 0 0 0 0 0 0 0 0 0 0 0 0 0 0 0 0 0 0 0 0 0 0 0 0 0 1 0 0 0 0 0 0 0 0 0 0 0 0 0 0 0 0 0 0 0 0 0 0 0 0 0 0 0 0 1000000 80 0 0 0 0 0 10000 20000 40 0 0 0 0 0 0 4000 0 0 0 0 0 0 0 0 0 0 0 400000 0 0 0 0 0 0 0 
40 28 0 c 3 c c 10 2 21 0 0 0 0 0 0 0 0 0 0 0 0 0 0 0 0 0 4200 0 0 0 0 0 0 0 0 200800 0 0 0 0 0 0 0 0 0 0 0 0 0 0 0 0 0 0 0 0 0 0 0 0 0 0 0 0 0 0 0 0 0 0 0 0 1 0 0 0 0 0 0 0 0 0 0 0 0 0 0 0 0 0 0 0 0 0 0 0 0 0 0 0 20 1000000 0 0 0 0 0 0 10000 20000 40 0 0 0 0 0 0 0 0 0 0 0 0 0 0 0 0 200000 0 400000 0 0 0 0 0 0 0 
40 28 0 c 3 c c 10 2 21 0 0 0 0 0 0 0 0 0 0 0 0 0 0 0 0 0 4200 0 0 0 0 0 0 0 0 200800 0 0 0 0 0 0 0 0 0 0 0 0 0 0 0 0 0 0 0 0 0 0 0 0 0 0 0 0 0 0 0 0 0 0 0 0 1 0 0 0 0 0 0 0 0 0 0 0 0 0 0 0 0 0 0 0 40 0 0 0 0 0 0 8000 0 1000000 0 0 0 0 0 0 10000 20000 40 0 0 0 0 0 0 0 0 0 0 0 0 0 0 0 0 0 0 400000 0 0 0 0 0 0 0 
40 24 0 c 3 c c c 2 21 0 0 0 0 0 0 0 0 0 0 0 0 0 0 0 0 0 4200 0 0 0 0 0 0 0 0 200800 0 0 0 0 0 0 0 0 0 0 0 0 0 0 0 0 0 0 0 0 0 0 0 0 0 0 0 0 0 0 0 0 0 0 0 0 1 0 0 0 0 0 0 0 0 0 0 0 0 0 0 0 0 0 0 0 0 0 0 0 0 0 0 0 0 1000000 0 0 0 0 0 0 10000 20000 40 0 0 0 0 0 0 0 0 0 0 0 0 0 0 0 0 0 0 400000 0 0 0 0 0 0 0 
40 28 0 c 3 c c 10 2 21 0 0 0 0 0 0 0 0 0 0 0 0 0 0 0 0 0 4200 0 0 0 0 0 0 0 0 200800 0 0 0 0 0 0 0 0 0 0 0 0 0 0 0 0 0 0 0 0 0 0 0 0 0 0 0 0 0 0 0 0 0 0 0 0 1 0 0 0 0 0 0 0 0 200000 0 0 0 0 0 0 0 0 0 0 0 0 0 0 0 0 0 0 0 1000000 0 0 0 0 0 0 10000 20000 40 0 0 0 0 1000 0 0 0 0 0 0 0 0 0 0 0 0 0 400000 0 0 0 0 0 0 0 
40 28 0 c 3 c c 10 2 21 0 0 0 0 0 0 0 0 0 0 0 0 0 0 0 0 0 4200 0 0 0 0 0 0 0 0 200800 0 0 0 0 0 0 0 0 0 0 0 0 0 0 0 0 0 0 0 0 0 0 0 0 0 0 0 0 0 0 0 0 0 0 0 0 1 0 0 0 0 0 0 0 0 0 0 0 0 0 0 0 0 0 0 0 0 0 0 0 800 0 0 0 0 1000000 0 0 0 0 0 0 10000 20000 40 0 0 0 0 0 0 0 0 0 0 0 0 0 0 0 0 0 0 400000 0 0 0 4 0 0 0 
40 28 0 c 3 c c 10 2 10800 0 0 0 0 0 0 0 0 42000 0 0 0 0 0 0 0 0 0 0 0 0 0 0 0 0 0 0 8001 0 0 0 0 0 0 0 0 0 0 0 0 0 0 0 0 0 0 0 0 0 0 0 0 0 0 0 0 0 0 0 0 0 0 0 0 0 0 0 0 800000 0 0 0 0 20000 0 0 0 0 0 0 0 0 0 0 0 0 0 0 0 0 0 1 0 8 0 0 0 1000 0 0 0 0 0 0 0 0 0 0 100 0 0 0 8 0 0 0 0 0 0 20 0 0 0 0 0 0 0 0 
40 28 0 c 3 c c 10 2 10800 0 0 0 0 0 0 0 0 42000 0 0 0 0 0 0 0 0 0 0 0 0 0 0 0 0 0 0 8001 0 0 0 0 0 0 0 0 0 0 0 0 0 0 0 0 0 0 0 0 0 0 0 0 0 0 0 0 0 0 0 0 0 0 0 0 0 0 0 0 800000 0 0 0 0 20000 0 0 0 0 0 0 0 0 0 0 0 0 0 0 0 0 0 1 0 8 0 0 0 1000 0 2000 0 0 0 0 0 0 0 0 100 0 0 0 0 0 0 0 0 0 8000 0 0 0 0 0 0 0 0 0 
40 28 0 c 3 c c 10 2 10800 0 0 0 0 0 0 0 0 42000 0 0 0 0 0 0 0 0 0 0 0 0 0 0 0 0 0 0 8001 0 0 0 0 0 0 0 0 0 0 0 0 0 0 0 0 0 0 0 0 0 0 0 0 0 0 0 0 0 0 0 0 0 0 0 0 0 0 0 0 800000 0 0 2000 0 20000 0 0 0 0 0 0 0 0 0 0 0 0 0 0 0 0 0 1 0 8 0 0 0 1000 0 0 0 0 400000 0 0 0 0 0 100 0 0 0 0 0 0 0 0 0 0 0 0 0 0 0 0 0 0 0 
40 28 0 c 3 c c 10 2 10800 0 0 0 0 0 0 0 0 42000 0 0 0 0 0 0 0 0 0 0 0 0 0 0 0 0 0 0 8001 0 0 0 0 0 0 0 0 0 0 0 0 0 0 0 0 0 0 0 0 0 0 0 0 0 0 0 0 0 0 0 0 0 0 0 0 0 0 80 0 800000 0 0 0 0 20000 0 0 0 0 0 0 0 0 0 0 0 0 0 0 0 0 0 1 0 8 0 0 0 1000 0 0 0 0 0 0 800000 0 0 0 100 0 0 0 0 0 0 0 0 0 0 0 0 0 0 0 0 0 0 0 
40 24 0 c 3 c c c 2 10800 0 0 0 0 0 0 0 0 42000 0 0 0 0 0 0 0 0 0 0 0 0 0 0 0 0 0 0 8001 0 0 0 0 0 0 0 0 0 0 0 0 0 0 0 0 0 0 0 0 0 0 0 0 0 0 0 0 0 0 0 0 0 0 0 0 0 0 0 0 800000 0 0 0 0 20000 0 0 0 0 0 0 0 0 0 0 0 0 0 0 0 0 0 1 0 8 0 0 0 1000 0 0 0 0 0 0 0 0 0 0 100 0 0 0 0 0 0 0 0 0 0 0 0 0 0 0 0 0 0 0 
40 28 0 c 3 c c 10 2 10800 0 0 0 0 0 0 0 0 42000 0 0 0 0 0 0 0 0 0 0 0 0 0 0 0 0 0 0 8001 0 0 0 0 0 0 0 0 0 0 0 0 0 0 0 0 0 0 0 0 0 0 0 0 0 0 0 0 0 0 0 0 0 0 0 0 0 0 0 0 800000 0 0 0 0 20000 0 0 0 0 0 0 0 0 0 0 0 0 0 40000 0 0 0 1 0 8 0 0 0 1000 0 0 0 0 0 0 0 0 0 0 100 0 0 0 0 0 0 4 0 0 0 0 0 0 0 0 0 0 0 0 
40 28 0 c 3 c c 10 2 10800 0 0 0 0 0 0 0 0 42000 0 0 0 0 0 0 0 0 0 0 0 0 0 0 0 0 0 0 8001 0 0 0 0 0 0 0 0 0 0 0 0 0 0 0 0 0 0 0 0 0 0 0 0 0 0 0 0 0 0 0 0 0 0 0 0 0 0 0 0 800000 0 0 0 0 20000 0 0 0 0 0 0 0 0 20000 0 0 0 0 0 0 0 0 1 0 8 0 0 0 1000 0 0 0 0 0 0 0 0 0 0 100 0 0 0 0 0 0 0 0 100 0 0 0 0 0 0 0 0 0 0 
40 28 0 c 3 c c 10 2 42000 0 0 0 0 0 0 0 0 0 0 0 0 0 0 0 0 0 0 8400 0 0 0 0 0 0 0 0 20004 0 0 0 0 0 0 0 0 0 0 0 0 0 0 0 0 0 0 0 0 0 0 0 0 0 0 0 0 0 0 0 0 0 0 0 0 0 0 0 0 800000 0 0 0 0 0 0 0 0 0 0 0 0 0 0 0 8 80 0 0 1000 100000 0 1 0 0 0 0 0 0 0 0 0 0 0 0 0 0 40000 0 0 0 0 0 0 0 0 0 0 0 0 0 0 0 0 800000 0 0 0 0 
40 28 0 c 3 c c 10 2 42000 0 0 0 0 0 0 0 0 0 0 0 0 0 0 0 0 0 0 8400 0 0 0 0 0 0 0 0 20004 0 0 0 0 0 0 0 0 0 0 0 0 0 0 0 0 0 0 0 0 0 0 0 0 0 0 0 0 0 0 0 0 0 0 0 0 0 0 0 0 0 0 0 0 0 20000 0 0 0 0 0 0 0 0 0 0 8 80 0 0 1000 100000 0 0 0 0 0 0 0 0 0 0 0 0 0 0 0 0 40000 0 100 0 0 0 0 0 0 0 0 0 0 0 0 0 0 800000 0 0 0 0 
40 28 0 c 3 c c 10 2 42000 0 0 0 0 0 0 0 0 0 0 0 0 0 0 0 0 0 0 8400 0 0 0 0 0 0 0 0 20004 0 0 0 0 0 0 0 0 0 0 0 0 0 0 0 0 0 0 0 0 0 0 0 0 0 0 0 0 0 0 0 0 0 0 0 0 0 0 0 0 0 0 0 0 0 0 0 0 0 0 40000 0 0 0 0 0 8 80 0 0 1000 100000 0 0 0 0 0 0 0 0 0 0 0 0 0 0 0 0 40004 0 0 0 0 0 0 0 0 0 0 0 0 0 0 0 0 800000 0 0 0 0 
40 24 0 c 3 c c c 2 42000 0 0 0 0 0 0 0 0 0 0 0 0 0 0 0 0 0 0 8400 0 0 0 0 0 0 0 0 20004 0 0 0 0 0 0 0 0 0 0 0 0 0 0 0 0 0 0 0 0 0 0 0 0 0 0 0 0 0 0 0 0 0 0 0 0 0 0 0 0 0 0 0 0 0 0 0 0 0 0 0 0 0 0 0 0 8 80 0 0 1000 100000 0 0 0 0 0 0 0 0 0 0 0 0 0 0 0 0 40000 0 0 0 0 0 0 0 0 0 0 0 0 0 0 0 0 800000 0 0 0 0 
40 28 0 c 3 c c 10 2 42000 0 0 0 0 0 0 0 0 0 0 0 0 0 0 0 0 0 0 8400 0 0 0 0 0 0 0 0 20004 0 0 0 0 0 0 0 0 0 0 0 0 0 0 0 0 0 0 0 0 0 0 0 0 0 0 0 0 0 0 0 0 0 0 0 0 0 0 0 0 0 0 0 0 0 0 0 0 0 0 0 0 0 0 0 0 8 80 0 0 1000 100000 2000 0 0 0 0 0 0 0 0 0 0 0 0 0 0 0 40000 0 0 0 0 0 0 0 0 0 0 0 0 0 0 400000 0 800000 0 0 0 0 
40 28 0 c 3 c c 10 2 42000 0 0 0 0 0 0 0 0 0 0 0 0 0 0 0 0 0 0 8400 0 0 0 0 0 0 0 0 20004 0 0 0 0 0 0 0 0 0 0 0 0 0 0 0 0 0 0 0 0 0 0 0 0 0 0 0 0 0 0 0 0 0 0 0 0 0 0 0 0 0 0 0 0 0 0 0 0 0 0 0 0 0 0 0 0 8 80 0 0 1000 100000 0 0 0 0 0 0 0 0 0 0 0 0 0 8 0 0 40000 1000 0 0 0 0 0 0 0 0 0 0 0 0 0 0 0 800000 0 0 0 0 
40 28 0 c 3 c c 10 2 42000 0 0 0 0 0 0 0 0 0 0 0 0 0 0 0 0 0 0 8400 0 0 0 0 0 0 0 0 20004 0 0 0 0 0 0 0 0 0 0 0 0 0 0 0 0 0 0 0 0 0 0 0 0 0 0 0 0 0 0 0 0 0 0 0 0 0 0 0 0 0 0 0 0 100 0 0 0 0 0 0 0 0 0 0 0 8 80 0 0 1000 100000 0 0 400 0 0 0 0 0 0 0 0 0 0 0 0 0 40000 0 0 0 0 0 0 0 0 0 0 0 0 0 0 0 0 800000 0 0 0 0 
40 28 0 c 3 c c 10 2 400080 0 0 0 0 0 0 0 0 0 0 0 0 0 0 4200 0 0 0 0 0 0 0 0 0 0 0 0 0 0 0 0 0 42000 0 0 0 0 0 0 0 0 0 0 0 0 0 0 0 0 0 0 0 0 0 0 0 0 0 0 0 0 0 0 0 0 0 0 0 0 800 0 0 0 0 0 0 0 100 0 0 0 0 0 0 0 0 0 0 0 0 0 0 0 0 0 0 0 0 40 0 0 0 0 0 0 0 20000 0 0 0 0 0 0 0 0 0 0 400008 0 0 0 1000 0 0 200 0 0 0 
40 28 0 c 3 c c 10 2 400080 0 0 0 0 0 0 0 0 0 0 0 0 0 0 4200 0 0 0 0 0 0 0 0 0 0 0 0 0 0 0 0 0 42000 0 0 0 0 0 0 0 0 0 0 0 0 0 0 0 0 0 0 0 0 0 0 0 0 0 0 0 0 0 0 0 0 0 0 0 0 800 0 0 0 0 0 4 0 0 0 0 0 0 0 0 0 0 0 0 0 0 0 0 0 0 0 0 0 0 40 0 0 0 0 0 0 0 0 0 0 0 0 40000 0 0 0 0 0 400008 0 0 0 1000 0 0 200 0 0 0 
40 28 0 c 3 c c 10 2 400080 0 0 0 0 0 0 0 0 0 0 0 0 0 0 4200 0 0 0 0 0 0 0 0 0 0 0 0 0 0 0 0 0 42000 0 0 0 0 0 0 0 0 0 0 0 0 0 0 0 0 0 0 0 0 0 0 0 0 0 0 0 0 0 0 0 0 0 0 0 0 800 0 0 0 0 0 0 0 0 0 0 0 4000 0 0 0 0 0 0 0 0 0 0 0 0 0 0 0 0 40 10000 0 0 0 0 0 0 0 0 0 0 0 0 0 0 0 0 0 400008 0 0 0 1000 0 0 200 0 0 0 
40 24 0 c 3 c c c 2 400080 0 0 0 0 0 0 0 0 0 0 0 0 0 0 4200 0 0 0 0 0 0 0 0 0 0 0 0 0 0 0 0 0 42000 0 0 0 0 0 0 0 0 0 0 0 0 0 0 0 0 0 0 0 0 0 0 0 0 0 0 0 0 0 0 0 0 0 0 0 0 800 0 0 0 0 0 0 0 0 0 0 0 0 0 0 0 0 0 0 0 0 0 0 0 0 0 0 0 0 40 0 0 0 0 0 0 0 0 0 0 0 0 0 0 0 0 0 0 400008 0 0 0 1000 0 0 200 0 0 0 
40 28 0 c 3 c c 10 2 400080 0 0 0 0 0 0 0 0 0 0 0 0 0 0 4200 0 0 0 0 0 0 0 0 0 0 0 0 0 0 0 0 0 42000 0 0 0 0 0 0 0 0 0 0 0 0 0 0 0 0 0 0 0 0 0 0 0 0 0 0 0 0 0 0 0 0 1000000 0 0 0 800 0 0 0 0 0 0 0 0 0 0 0 0 0 0 0 0 0 0 0 0 0 0 0 0 0 0 0 0 40 0 0 0 0 0 0 0 0 2 0 0 0 0 0 0 0 0 0 400008 0 0 0 1000 0 0 200 0 0 0 
40 28 0 c 3 c c 10 2 400080 0 0 0 0 0 0 0 0 0 0 0 0 0 0 4200 0 0 0 0 0 0 0 0 0 0 0 0 0 0 0 0 0 42000 0 0 0 0 0 0 0 0 0 0 0 0 0 0 0 0 0 0 0 0 0 0 0 0 0 0 0 0 0 0 0 0 0 0 0 0 200800 0 0 0 0 0 0 0 0 0 0 0 0 0 0 0 0 0 0 0 0 0 0 0 0 0 0 0 0 40 0 0 0 0 1000 0 0 0 0 0 0 0 0 0 0 0 0 0 400008 0 0 0 1000 0 0 200 0 0 0 
40 28 0 c 3 c c 10 2 400080 0 0 0 0 0 0 0 0 0 0 0 0 0 0 4200 0 0 0 0 0 0 0 0 0 0 0 0 0 0 0 0 0 42000 0 0 0 0 0 0 0 0 0 0 0 0 0 0 0 0 0 0 0 0 0 0 0 0 0 0 0 0 0 0 0 0 0 0 0 0 800 0 0 0 0 0 0 0 0 0 0 0 0 0 0 800 0 0 0 0 0 0 0 0 0 0 0 0 0 40 0 0 0 0 0 0 0 0 0 0 0 0 0 0 0 0 0 0 400008 0 0 0 1004 0 0 200 0 0 0 
40 28 0 c 3 c c 10 2 210000 0 0 0 0 800100 0 0 0 0 0 0 0 0 0 0 0 0 0 0 0 0 0 0 0 0 0 0 0 0 0 0 0 0 21000 0 0 0 0 0 0 0 0 0 0 0 0 0 0 0 0 0 0 0 0 0 0 0 0 0 0 0 0 0 0 0 1000000 0 0 0 0 0 0 0 0 800000 0 4 0 0 0 0 0 0 0 0 0 0 0 0 0 0 0 0 0 0 0 0 0 0 0 80 0 0 0 0 0 0 0 100 0 0 0 40000 0 0 0 0 0 0 0 0 0 0 200000 80000 0 0 0 
40 28 0 c 3 c c 10 2 210000 0 0 0 0 800100 0 0 0 0 0 0 0 0 0 0 0 0 0 0 0 0 0 0 0 0 0 0 0 0 0 0 0 0 21000 0 0 0 0 0 0 0 0 0 0 0 0 0 0 0 0 0 0 0 0 0 0 0 0 0 0 0 0 0 0 0 1000000 0 0 0 0 0 2000 0 0 0 0 4 10 0 0 0 0 0 0 0 0 0 0 0 0 0 0 0 0 0 0 0 0 0 0 0 0 0 0 0 0 0 0 100 0 0 0 40000 0 0 0 0 0 0 0 0 0 0 200000 80000 0 0 0 
40 28 0 c 3 c c 10 2 210000 0 0 0 0 800100 0 0 0 0 0 0 0 0 0 0 0 0 0 0 0 0 0 0 0 0 0 0 0 0 0 0 0 0 21000 0 0 0 0 0 0 0 0 0 0 0 0 0 0 0 0 0 0 0 0 0 0 0 0 0 0 0 0 0 0 0 1000000 0 0 0 0 0 0 0 0 0 0 4 0 0 0 0 4000 0 0 0 0 0 0 0 0 0 0 0 0 0 0 0 0 0 0 0 0 0 0 800000 0 0 0 100 0 0 0 40000 0 0 0 0 0 0 0 0 0 0 200000 80000 0 0 0 
40 24 0 c 3 c c c 2 210000 0 0 0 0 800100 0 0 0 0 0 0 0 0 0 0 0 0 0 0 0 0 0 0 0 0 0 0 0 0 0 0 0 0 21000 0 0 0 0 0 0 0 0 0 0 0 0 0 0 0 0 0 0 0 0 0 0 0 0 0 0 0 0 0 0 0 1000000 0 0 0 0 0 0 0 0 0 0 4 0 0 0 0 0 0 0 0 0 0 0 0 0 0 0 0 0 0 0 0 0 0 0 0 0 0 0 0 0 0 0 100 0 0 0 40000 0 0 0 0 0 0 0 0 0 0 200000 80000 0 0 0 
40 28 0 c 3 c c 10 2 210000 0 0 0 0 800100 0 0 0 0 0 0 0 0 0 0 0 0 0 0 0 0 0 0 0 0 0 0 0 0 0 0 0 0 21000 0 0 0 0 0 0 0 0 0 0 0 0 0 0 0 0 0 0 0 0 0 0 0 0 0 0 0 0 0 0 0 1000200 0 0 0 0 0 0 0 0 800 0 4 0 0 0 0 0 0 0 0 0 0 0 0 0 0 0 0 0 0 0 0 0 0 0 0 0 0 0 0 0 0 0 100 0 0 0 40000 0 0 0 0 0 0 0 0 0 0 200000 80000 0 0 0 
40 28 0 c 3 c c 10 2 210000 0 0 0 0 800100 0 0 0 0 0 0 0 0 0 0 0 0 0 0 0 0 0 0 0 0 0 0 0 0 0 0 0 0 21000 0 0 0 0 0 0 0 0 0 0 0 0 0 0 0 0 0 0 0 0 0 0 0 0 0 0 0 0 0 0 0 1000000 0 0 0 0 1000000 0 0 0 0 0 4 0 0 0 0 0 0 0 0 0 0 0 0 0 0 0 0 0 0 0 0 0 0 0 0 0 0 0 0 0 0 0 100 0 0 0 40002 0 0 0 0 0 0 0 0 0 0 200000 80000 0 0 0 
40 28 0 c 3 c c 10 2 210000 0 0 0 0 800100 0 0 0 0 0 0 0 0 0 0 0 0 0 0 0 0 0 0 0 0 0 0 0 0 0 0 0 0 21000 0 0 0 0 0 0 0 0 0 0 0 0 0 0 0 0 0 0 0 0 0 0 0 0 0 0 0 0 0 0 0 1000000 0 0 0 0 0 0 0 0 0 0 4 0 100 0 0 0 0 0 0 0 0 0 0 0 0 0 0 0 0 0 0 0 0 0 0 0 0 0 0 0 0 20000 100 0 0 0 40000 0 0 0 0 0 0 0 0 0 0 200000 80000 0 0 0 
40 28 0 c 3 c c 10 2 200402 1080100 0 0 0 0 0 0 0 0 0 0 0 0 0 0 0 0 0 0 0 0 0 0 0 0 0 0 0 0 0 0 0 0 0 0 0 0 0 0 0 0 0 0 0 0 0 0 0 0 0 0 0 0 0 0 0 0 0 0 0 0 0 0 1 400 1000000 80 0 0 0 0 0 2000 0 0 0 0 0 10 0 0 0 0 0 0 0 0 0 0 0 0 0 0 0 0 0 0 0 0 0 0 0 0 0 0 0 0 0 0 0 0 0 0 0 0 0 0 0 0 200000 80000 0 0 0 0 0 0 0 
40 28 0 c 3 c c 10 2 200402 1080100 0 0 0 0 0 0 0 0 0 0 0 0 0 0 0 0 0 0 0 0 0 0 0 0 0 0 0 0 0 0 0 0 0 0 0 0 0 0 0 0 0 0 0 0 0 0 0 0 0 0 0 0 0 0 0 0 0 0 0 0 0 0 0 400 1000000 80 0 0 0 0 0 2000 0 0 0 0 0 10 0 0 4000 0 0 0 0 0 0 0 0 0 0 0 0 0 0 0 0 0 0 0 0 0 0 0 0 0 0 0 0 0 0 0 0 0 0 0 0 0 200000 80000 0 0 0 0 0 0 0 
40 28 0 c 3 c c 10 2 200402 1080100 0 0 0 0 0 0 0 0 0 0 0 0 0 0 0 0 0 0 0 0 0 0 0 0 0 0 0 0 0 0 0 0 0 0 0 0 0 0 0 0 0 0 0 0 0 0 0 0 0 0 0 0 0 0 0 0 0 0 0 0 0 0 0 400 1000000 80 0 0 0 0 0 2000 0 0 0 0 0 10 0 0 4000 0 0 0 8 0 0 0 0 0 0 0 0 0 0 0 0 0 0 0 0 0 0 0 0 0 0 0 0 0 0 0 0 0 0 0 0 0 200000 0 0 0 0 0 0 0 0 
40 28 0 c 3 c c 10 2 200402 1080100 0 0 0 0 0 0 0 0 0 0 0 0 0 0 0 0 0 0 0 0 0 0 0 0 0 0 0 0 0 0 0 0 0 0 0 0 0 0 0 0 0 0 0 0 0 0 0 0 0 0 0 0 0 0 0 0 0 0 0 0 0 0 1 400 1000000 80 0 0 0 0 0 2000 0 0 0 0 0 10 0 0 0 0 0 0 8 0 0 0 0 0 0 0 0 0 0 0 0 0 0 0 0 0 0 0 0 0 0 0 0 0 0 0 0 0 0 0 0 0 200000 0 0 0 0 0 0 0 0 
40 27 0 c 3 c b 10 2 4204 0 0 0 0 0 0 0 0 0 0 0 0 0 0 0 0 0 50200 0 0 0 0 0 0 0 0 0 0 0 0 0 0 0 0 0 0 0 0 0 0 0 0 0 0 0 0 0 0 0 0 0 0 0 0 0 0 0 0 0 0 0 0 0 0 0 0 0 0 0 0 0 0 200000 0 0 0 0 0 0 0 0 0 0 40 0 0 0 0 0 2000 0 0 0 0 0 0 0 0 0 0 0 40 400008 0 0 0 4 0 0 0 0 0 0 0 0 0 0 0 0 0 0 0 0 0 0 100000 0 0 
40 27 0 c 3 c b 10 2 4204 0 0 0 0 0 0 0 0 0 0 0 0 0 0 0 0 0 50200 0 0 0 0 0 0 0 0 0 0 0 0 0 0 0 0 0 0 0 0 0 0 0 0 0 0 0 0 0 0 0 0 0 0 0 0 0 0 0 0 0 0 0 0 0 0 0 0 0 0 0 800 0 0 200000 0 0 0 0 0 0 0 0 0 0 40 0 0 0 0 0 2000 0 0 0 0 0 0 0 0 0 0 0 40 400008 0 0 0 0 0 0 0 0 0 0 0 0 0 0 0 0 0 0 0 0 0 0 100000 0 0 
